/*--------------------------------*- C++ -*----------------------------------*\
| =========                 |                                                 |
| \\      /  F ield         | OpenFOAM: The Open Source CFD Toolbox           |
|  \\    /   O peration     | Version:  2312                                  |
|   \\  /    A nd           | Website:  www.openfoam.com                      |
|    \\/     M anipulation  |                                                 |
\*---------------------------------------------------------------------------*/
FoamFile
{
    version     2.0;
    format      ascii;
    arch        "LSB;label=32;scalar=64";
    class       labelList;
    location    "constant/faMesh";
    object      faceLabels;
}
// * * * * * * * * * * * * * * * * * * * * * * * * * * * * * * * * * * * * * //


1436
(
13534387
13534388
13534389
13534390
13534391
13534392
13534393
13534394
13534395
13534396
13534397
13534398
13534399
13534400
13534401
13534402
13534403
13534404
13534405
13534406
13534407
13534408
13534409
13534410
13534411
13534412
13534413
13534414
13534415
13534416
13534417
13534418
13534419
13534420
13534421
13534422
13534423
13534424
13534425
13534426
13534427
13534428
13534429
13534430
13534431
13534432
13534433
13534434
13534435
13534436
13534437
13534438
13534439
13534440
13534441
13534442
13534443
13534444
13534445
13534446
13534447
13534448
13534449
13534450
13534451
13534452
13534453
13534454
13534455
13534456
13534457
13534458
13534459
13534460
13534461
13534462
13534463
13534464
13534465
13534466
13534467
13534468
13534469
13534470
13534471
13534472
13534473
13534474
13534475
13534476
13534477
13534478
13534479
13534480
13534481
13534482
13534483
13534484
13534485
13534486
13534487
13534488
13534489
13534490
13534491
13534492
13534493
13534494
13534495
13534496
13534497
13534498
13534499
13534500
13534501
13534502
13534503
13534504
13534505
13534506
13534507
13534508
13534509
13534510
13534511
13534512
13534513
13534514
13534515
13534516
13534517
13534518
13534519
13534520
13534521
13534522
13534523
13534524
13534525
13534526
13534527
13534528
13534529
13534530
13534531
13534532
13534533
13534534
13534535
13534536
13534537
13534538
13534539
13534540
13534541
13534542
13534543
13534544
13534545
13534546
13534547
13534548
13534549
13534550
13534551
13534552
13534553
13534554
13534555
13534556
13534557
13534558
13534559
13534560
13534561
13534562
13534563
13534564
13534565
13534566
13534567
13534568
13534569
13534570
13534571
13534572
13534573
13534574
13534575
13534576
13534577
13534578
13534579
13534580
13534581
13534582
13534583
13534584
13534585
13534586
13534587
13534588
13534589
13534590
13534591
13534592
13534593
13534594
13534595
13534596
13534597
13534598
13534599
13534600
13534601
13534602
13534603
13534604
13534605
13534606
13534607
13534608
13534609
13534610
13534611
13534612
13534613
13534614
13534615
13534616
13534617
13534618
13534619
13534620
13534621
13534622
13534623
13534624
13534625
13534626
13534627
13534628
13534629
13534630
13534631
13534632
13534633
13534634
13534635
13534636
13534637
13534638
13534639
13534640
13534641
13534642
13534643
13534644
13534645
13534646
13534647
13534648
13534649
13534650
13534651
13534652
13534653
13534654
13534655
13534656
13534657
13534658
13534659
13534660
13534661
13534662
13534663
13534664
13534665
13534666
13534667
13534668
13534669
13534670
13534671
13534672
13534673
13534674
13534675
13534676
13534677
13534678
13534679
13534680
13534681
13534682
13534683
13534684
13534685
13534686
13534687
13534688
13534689
13534690
13534691
13534692
13534693
13534694
13534695
13534696
13534697
13534698
13534699
13534700
13534701
13534702
13534703
13534704
13534705
13534706
13534707
13534708
13534709
13534710
13534711
13534712
13534713
13534714
13534715
13534716
13534717
13534718
13534719
13534720
13534721
13534722
13534723
13534724
13534725
13534726
13534727
13534728
13534729
13534730
13534731
13534732
13534733
13534734
13534735
13534736
13534737
13534738
13534739
13534740
13534741
13534742
13534743
13534744
13534745
13534746
13534747
13534748
13534749
13534750
13534751
13534752
13534753
13534754
13534755
13534756
13534757
13534758
13534759
13534760
13534761
13534762
13534763
13534764
13534765
13534766
13534767
13534768
13534769
13534770
13534771
13534772
13534773
13534774
13534775
13534776
13534777
13534778
13534779
13534780
13534781
13534782
13534783
13534784
13534785
13534786
13534787
13534788
13534789
13534790
13534791
13534792
13534793
13534794
13534795
13534796
13534797
13534798
13534799
13534800
13534801
13534802
13534803
13534804
13534805
13534806
13534807
13534808
13534809
13534810
13534811
13534812
13534813
13534814
13534815
13534816
13534817
13534818
13534819
13534820
13534821
13534822
13534823
13534824
13534825
13534826
13534827
13534828
13534829
13534830
13534831
13534832
13534833
13534834
13534835
13534836
13534837
13534838
13534839
13534840
13534841
13534842
13534843
13534844
13534845
13534846
13534847
13534848
13534849
13534850
13534851
13534852
13534853
13534854
13534855
13534856
13534857
13534858
13534859
13534860
13534861
13534862
13534863
13534864
13534865
13534866
13534867
13534868
13534869
13534870
13534871
13534872
13534873
13534874
13534875
13534876
13534877
13534878
13534879
13534880
13534881
13534882
13534883
13534884
13534885
13534886
13534887
13534888
13534889
13534890
13534891
13534892
13534893
13534894
13534895
13534896
13534897
13534898
13534899
13534900
13534901
13534902
13534903
13534904
13534905
13534906
13534907
13534908
13534909
13534910
13534911
13534912
13534913
13534914
13534915
13534916
13534917
13534918
13534919
13534920
13534921
13534922
13534923
13534924
13534925
13534926
13534927
13534928
13534929
13534930
13534931
13534932
13534933
13534934
13534935
13534936
13534937
13534938
13534939
13534940
13534941
13534942
13534943
13534944
13534945
13534946
13534947
13534948
13534949
13534950
13534951
13534952
13534953
13534954
13534955
13534956
13534957
13534958
13534959
13534960
13534961
13534962
13534963
13534964
13534965
13534966
13534967
13534968
13534969
13534970
13534971
13534972
13534973
13534974
13534975
13534976
13534977
13534978
13534979
13534980
13534981
13534982
13534983
13534984
13534985
13534986
13534987
13534988
13534989
13534990
13534991
13534992
13534993
13534994
13534995
13534996
13534997
13534998
13534999
13535000
13535001
13535002
13535003
13535004
13535005
13535006
13535007
13535008
13535009
13535010
13535011
13535012
13535013
13535014
13535015
13535016
13535017
13535018
13535019
13535020
13535021
13535022
13535023
13535024
13535025
13535026
13535027
13535028
13535029
13535030
13535031
13535032
13535033
13535034
13535035
13535036
13535037
13535038
13535039
13535040
13535041
13535042
13535043
13535044
13535045
13535046
13535047
13535048
13535049
13535050
13535051
13535052
13535053
13535054
13535055
13535056
13535057
13535058
13535059
13535060
13535061
13535062
13535063
13535064
13535065
13535066
13535067
13535068
13535069
13535070
13535071
13535072
13535073
13535074
13535075
13535076
13535077
13535078
13535079
13535080
13535081
13535082
13535083
13535084
13535085
13535086
13535087
13535088
13535089
13535090
13535091
13535092
13535093
13535094
13535095
13535096
13535097
13535098
13535099
13535100
13535101
13535102
13535103
13535104
13535105
13535106
13535107
13535108
13535109
13535110
13535111
13535112
13535113
13535114
13535115
13535116
13535117
13535118
13535119
13535120
13535121
13535122
13535123
13535124
13535125
13535126
13535127
13535128
13535129
13535130
13535131
13535132
13535133
13535134
13535135
13535136
13535137
13535138
13535139
13535140
13535141
13535142
13535143
13535144
13535145
13535146
13535147
13535148
13535149
13535150
13535151
13535152
13535153
13535154
13535155
13535156
13535157
13535158
13535159
13535160
13535161
13535162
13535163
13535164
13535165
13535166
13535167
13535168
13535169
13535170
13535171
13535172
13535173
13535174
13535175
13535176
13535177
13535178
13535179
13535180
13535181
13535182
13535183
13535184
13535185
13535186
13535187
13535188
13535189
13535190
13535191
13535192
13535193
13535194
13535195
13535196
13535197
13535198
13535199
13535200
13535201
13535202
13535203
13535204
13535205
13535206
13535207
13535208
13535209
13535210
13535211
13535212
13535213
13535214
13535215
13535216
13535217
13535218
13535219
13535220
13535221
13535222
13535223
13535224
13535225
13535226
13535227
13535228
13535229
13535230
13535231
13535232
13535233
13535234
13535235
13535236
13535237
13535238
13535239
13535240
13535241
13535242
13535243
13535244
13535245
13535246
13535247
13535248
13535249
13535250
13535251
13535252
13535253
13535254
13535255
13535256
13535257
13535258
13535259
13535260
13535261
13535262
13535263
13535264
13535265
13535266
13535267
13535268
13535269
13535270
13535271
13535272
13535273
13535274
13535275
13535276
13535277
13535278
13535279
13535280
13535281
13535282
13535283
13535284
13535285
13535286
13535287
13535288
13535289
13535290
13535291
13535292
13535293
13535294
13535295
13535296
13535297
13535298
13535299
13535300
13535301
13535302
13535303
13535304
13535305
13535306
13535307
13535308
13535309
13535310
13535311
13535312
13535313
13535314
13535315
13535316
13535317
13535318
13535319
13535320
13535321
13535322
13535323
13535324
13535325
13535326
13535327
13535328
13535329
13535330
13535331
13535332
13535333
13535334
13535335
13535336
13535337
13535338
13535339
13535340
13535341
13535342
13535343
13535344
13535345
13535346
13535347
13535348
13535349
13535350
13535351
13535352
13535353
13535354
13535355
13535356
13535357
13535358
13535359
13535360
13535361
13535362
13535363
13535364
13535365
13535366
13535367
13535368
13535369
13535370
13535371
13535372
13535373
13535374
13535375
13535376
13535377
13535378
13535379
13535380
13535381
13535382
13535383
13535384
13535385
13535386
13535387
13535388
13535389
13535390
13535391
13535392
13535393
13535394
13535395
13535396
13535397
13535398
13535399
13535400
13535401
13535402
13535403
13535404
13535405
13535406
13535407
13535408
13535409
13535410
13535411
13535412
13535413
13535414
13535415
13535416
13535417
13535418
13535419
13535420
13535421
13535422
13535423
13535424
13535425
13535426
13535427
13535428
13535429
13535430
13535431
13535432
13535433
13535434
13535435
13535436
13535437
13535438
13535439
13535440
13535441
13535442
13535443
13535444
13535445
13535446
13535447
13535448
13535449
13535450
13535451
13535452
13535453
13535454
13535455
13535456
13535457
13535458
13535459
13535460
13535461
13535462
13535463
13535464
13535465
13535466
13535467
13535468
13535469
13535470
13535471
13535472
13535473
13535474
13535475
13535476
13535477
13535478
13535479
13535480
13535481
13535482
13535483
13535484
13535485
13535486
13535487
13535488
13535489
13535490
13535491
13535492
13535493
13535494
13535495
13535496
13535497
13535498
13535499
13535500
13535501
13535502
13535503
13535504
13535505
13535506
13535507
13535508
13535509
13535510
13535511
13535512
13535513
13535514
13535515
13535516
13535517
13535518
13535519
13535520
13535521
13535522
13535523
13535524
13535525
13535526
13535527
13535528
13535529
13535530
13535531
13535532
13535533
13535534
13535535
13535536
13535537
13535538
13535539
13535540
13535541
13535542
13535543
13535544
13535545
13535546
13535547
13535548
13535549
13535550
13535551
13535552
13535553
13535554
13535555
13535556
13535557
13535558
13535559
13535560
13535561
13535562
13535563
13535564
13535565
13535566
13535567
13535568
13535569
13535570
13535571
13535572
13535573
13535574
13535575
13535576
13535577
13535578
13535579
13535580
13535581
13535582
13535583
13535584
13535585
13535586
13535587
13535588
13535589
13535590
13535591
13535592
13535593
13535594
13535595
13535596
13535597
13535598
13535599
13535600
13535601
13535602
13535603
13535604
13535605
13535606
13535607
13535608
13535609
13535610
13535611
13535612
13535613
13535614
13535615
13535616
13535617
13535618
13535619
13535620
13535621
13535622
13535623
13535624
13535625
13535626
13535627
13535628
13535629
13535630
13535631
13535632
13535633
13535634
13535635
13535636
13535637
13535638
13535639
13535640
13535641
13535642
13535643
13535644
13535645
13535646
13535647
13535648
13535649
13535650
13535651
13535652
13535653
13535654
13535655
13535656
13535657
13535658
13535659
13535660
13535661
13535662
13535663
13535664
13535665
13535666
13535667
13535668
13535669
13535670
13535671
13535672
13535673
13535674
13535675
13535676
13535677
13535678
13535679
13535680
13535681
13535682
13535683
13535684
13535685
13535686
13535687
13535688
13535689
13535690
13535691
13535692
13535693
13535694
13535695
13535696
13535697
13535698
13535699
13535700
13535701
13535702
13535703
13535704
13535705
13535706
13535707
13535708
13535709
13535710
13535711
13535712
13535713
13535714
13535715
13535716
13535717
13535718
13535719
13535720
13535721
13535722
13535723
13535724
13535725
13535726
13535727
13535728
13535729
13535730
13535731
13535732
13535733
13535734
13535735
13535736
13535737
13535738
13535739
13535740
13535741
13535742
13535743
13535744
13535745
13535746
13535747
13535748
13535749
13535750
13535751
13535752
13535753
13535754
13535755
13535756
13535757
13535758
13535759
13535760
13535761
13535762
13535763
13535764
13535765
13535766
13535767
13535768
13535769
13535770
13535771
13535772
13535773
13535774
13535775
13535776
13535777
13535778
13535779
13535780
13535781
13535782
13535783
13535784
13535785
13535786
13535787
13535788
13535789
13535790
13535791
13535792
13535793
13535794
13535795
13535796
13535797
13535798
13535799
13535800
13535801
13535802
13535803
13535804
13535805
13535806
13535807
13535808
13535809
13535810
13535811
13535812
13535813
13535814
13535815
13535816
13535817
13535818
13535819
13535820
13535821
13535822
)


// ************************************************************************* //
